a1 =

   1.0000000   0.1682942  -0.1922795
   1.0000000   0.1818595  -0.1501974
   1.0000000   0.0282240   0.0299754
   1.0000000  -0.1513605   0.1825891
   1.0000000  -0.1917849   0.1673311
   1.0000000  -0.0558831  -0.0017703
   1.0000000   0.1313973  -0.1692441
   1.0000000   0.1978716  -0.1811157
   1.0000000   0.0824237  -0.0264704
   1.0000000  -0.1088042   0.1525117
   1.0000000  -0.1999980   0.1912752
   1.0000000  -0.1073146   0.0541812
   1.0000000   0.0840334  -0.1327268
   1.0000000   0.1981215  -0.1976063
   1.0000000   0.1300576  -0.0808075
   1.0000000  -0.0575807   0.1102853

y_value =

   0   1   0   0
   0   0   1   0
   0   0   0   1
   1   0   0   0
   0   1   0   0
   0   0   1   0
   0   0   0   1
   1   0   0   0
   0   1   0   0
   0   0   1   0
   0   0   0   1
   1   0   0   0
   0   1   0   0
   0   0   1   0
   0   0   0   1
   1   0   0   0

J =  3.0874
J =  3.0874
delta2 =

   0   0   0
   0   0   0
   0   0   0
   0   0   0

delta3 =

   0   0   0   0   0
   0   0   0   0   0
   0   0   0   0   0
   0   0   0   0   0

d3_k =

   0.49283
  -0.77378
   0.74120
   0.58760

z2_k =

   1.000000
   1.095685
  -0.055991
  -1.049084
   0.929137

g =

   0.19661
   0.18777
   0.24980
   0.19211
   0.20295

d2_k =

   0.331401
  -0.042483
  -0.404613
   0.134014
   0.287530

delta2 =

  -0.0424832  -0.0071497   0.0081686
  -0.4046130  -0.0680940   0.0777988
   0.1340145   0.0225539  -0.0257682
   0.2875302   0.0483897  -0.0552862


!! Submission failed: operator +: nonconformant arguments (op1 is 4x5, op2 is 4x3)


Function: nnCostFunction
FileName: C:\Users\Henry L\Desktop\machine-learning-ex4\ex4\nnCostFunction.m
LineNumber: 92

Please correct your code and resubmit.
a1 =

   1.0000000   0.1682942  -0.1922795
   1.0000000   0.1818595  -0.1501974
   1.0000000   0.0282240   0.0299754
   1.0000000  -0.1513605   0.1825891
   1.0000000  -0.1917849   0.1673311
   1.0000000  -0.0558831  -0.0017703
   1.0000000   0.1313973  -0.1692441
   1.0000000   0.1978716  -0.1811157
   1.0000000   0.0824237  -0.0264704
   1.0000000  -0.1088042   0.1525117
   1.0000000  -0.1999980   0.1912752
   1.0000000  -0.1073146   0.0541812
   1.0000000   0.0840334  -0.1327268
   1.0000000   0.1981215  -0.1976063
   1.0000000   0.1300576  -0.0808075
   1.0000000  -0.0575807   0.1102853

y_value =

   0   1   0   0
   0   0   1   0
   0   0   0   1
   1   0   0   0
   0   1   0   0
   0   0   1   0
   0   0   0   1
   1   0   0   0
   0   1   0   0
   0   0   1   0
   0   0   0   1
   1   0   0   0
   0   1   0   0
   0   0   1   0
   0   0   0   1
   1   0   0   0

J =  3.0874
J =  3.0874
delta2 =

   0   0   0
   0   0   0
   0   0   0
   0   0   0

delta3 =

   0   0   0   0   0
   0   0   0   0   0
   0   0   0   0   0
   0   0   0   0   0

d3_k =

   0.49283
  -0.77378
   0.74120
   0.58760

z2_k =

   1.000000
   1.095685
  -0.055991
  -1.049084
   0.929137

g =

   0.19661
   0.18777
   0.24980
   0.19211
   0.20295

d2_k =

   0.331401
  -0.042483
  -0.404613
   0.134014
   0.287530

delta2 =

  -0.0424832  -0.0071497   0.0081686
  -0.4046130  -0.0680940   0.0777988
   0.1340145   0.0225539  -0.0257682
   0.2875302   0.0483897  -0.0552862


!! Submission failed: vertical dimensions mismatch (1x1 vs 4x4)


Function: nnCostFunction
FileName: C:\Users\Henry L\Desktop\machine-learning-ex4\ex4\nnCostFunction.m
LineNumber: 92

Please correct your code and resubmit.
